2.650000000000000355e+00 -4.387640007560468014e+00
2.850000000000000089e+00 -4.387640007560468014e+00
3.250000000000000000e+00 -4.086610011896487649e+00
3.350000000000000089e+00 -4.387640007560468014e+00
3.450000000000000178e+00 -4.086610011896487649e+00
3.650000000000000355e+00 -4.086610011896487649e+00
3.950000000000000178e+00 -4.387640007560468014e+00
4.049999999999999822e+00 -4.387640007560468014e+00
4.150000000000000355e+00 -4.387640007560468014e+00
4.250000000000000000e+00 -3.910518752840805856e+00
4.350000000000000533e+00 -4.086610011896487649e+00
4.450000000000000178e+00 -3.910518752840805856e+00
4.549999999999999822e+00 -3.609488757176825047e+00
4.650000000000000355e+00 -3.688670003224449712e+00
4.750000000000000000e+00 -3.387640007560468458e+00
4.850000000000000533e+00 -3.387640007560468458e+00
4.950000000000000178e+00 -3.346247322402243540e+00
5.050000000000000711e+00 -3.273696655253631516e+00
5.150000000000000355e+00 -3.108886406607639596e+00
5.250000000000000000e+00 -3.108886406607639596e+00
5.350000000000000533e+00 -3.308458761512843793e+00
5.450000000000000178e+00 -3.211548748504787110e+00
5.550000000000000711e+00 -3.065420712826549376e+00
5.650000000000000355e+00 -2.819438283493473474e+00
5.750000000000000000e+00 -2.882490029240562635e+00
5.850000000000000533e+00 -2.819438283493473474e+00
5.950000000000000178e+00 -2.588299458106886775e+00
6.050000000000000711e+00 -2.602310172549701317e+00
6.150000000000000355e+00 -2.524317147440012565e+00
6.250000000000000000e+00 -2.392004812962918336e+00
6.350000000000000533e+00 -2.414512153960769680e+00
6.450000000000000178e+00 -2.250919440404061778e+00
6.550000000000000711e+00 -2.159753302946795017e+00
6.650000000000000355e+00 -2.144601958874174041e+00
6.750000000000000000e+00 -2.071669662103550635e+00
6.850000000000000533e+00 -1.940481976218249249e+00
6.950000000000000178e+00 -1.909073511966625114e+00
7.050000000000000711e+00 -1.785580016232506173e+00
7.150000000000000355e+00 -1.718323126994356409e+00
7.250000000000000000e+00 -1.623463875170137793e+00
7.350000000000000533e+00 -1.542541967546211534e+00
7.450000000000000178e+00 -1.442171422428648597e+00
7.550000000000000711e+00 -1.347829453412118017e+00
7.650000000000000355e+00 -1.292121965237317704e+00
7.750000000000000000e+00 -1.209526755245836638e+00
7.850000000000000533e+00 -1.146591856888824035e+00
7.950000000000000178e+00 -1.118127063342552185e+00
8.050000000000000711e+00 -1.077584269809577000e+00
8.150000000000000355e+00 -1.054595977736981327e+00
8.250000000000000000e+00 -1.024404203076774600e+00
8.349999999999999645e+00 -9.967049004570893711e-01
8.450000000000001066e+00 -1.013808862486638152e+00
8.550000000000000711e+00 -1.017682400214415361e+00
8.650000000000000355e+00 -1.041874314445980332e+00
8.750000000000000000e+00 -1.066041577095124593e+00
8.849999999999999645e+00 -1.094056494064351570e+00
8.950000000000001066e+00 -1.138686392064760744e+00
9.050000000000000711e+00 -1.163365993266210818e+00
9.150000000000000355e+00 -1.196188993095572917e+00
9.250000000000000000e+00 -1.269375281470989103e+00
9.349999999999999645e+00 -1.322433879506156540e+00
9.450000000000001066e+00 -1.339975812958908552e+00
9.550000000000000711e+00 -1.377340050920656367e+00
9.650000000000000355e+00 -1.427169230026169577e+00
9.750000000000000000e+00 -1.448120754941849775e+00
9.850000000000001421e+00 -1.548790916823213237e+00
9.950000000000001066e+00 -1.605167383394182190e+00
1.005000000000000071e+01 -1.656051242373729693e+00
1.015000000000000036e+01 -1.758230408457749583e+00
1.025000000000000000e+01 -1.772742791527333939e+00
1.035000000000000142e+01 -1.794353940540011294e+00
1.045000000000000107e+01 -1.861300730170624362e+00
1.055000000000000071e+01 -1.981099827126513224e+00
1.065000000000000036e+01 -1.964394133623660554e+00
1.075000000000000000e+01 -2.088786931150761639e+00
1.085000000000000142e+01 -2.172796159512770497e+00
1.095000000000000107e+01 -2.330735156223995741e+00
1.105000000000000071e+01 -2.530307511129199938e+00
1.115000000000000036e+01 -2.671636663925669009e+00
1.125000000000000000e+01 -3.007428765848862540e+00
1.135000000000000142e+01 -3.346247322402243540e+00
1.145000000000000107e+01 -3.785580016232505951e+00
1.155000000000000071e+01 -3.785580016232505951e+00
